U
18
avignon bordeaux brest caen calais dijon grenoble limoges lyon marseille montpellier nancy nantes nice paris rennes strasbourg toulouse
0 0 0 0 0 0 227 0 216 99 121 0 0 0 0 0 0 0
0 0 0 0 0 0 0 220 0 0 0 0 329 0 0 0 0 253
0 0 0 0 0 0 0 0 0 0 0 0 0 0 0 244 0 0
0 0 0 0 349 0 0 0 0 0 0 0 0 0 241 176 0 0
0 0 0 349 0 0 0 0 0 0 0 534 0 0 297 0 0 0
0 0 0 0 0 0 0 0 192 0 0 201 0 0 313 0 335 0
227 0 0 0 0 0 0 0 104 0 0 0 0 0 0 0 0 0
0 220 0 0 0 0 0 0 389 0 0 0 329 0 396 0 0 313
216 0 0 0 0 192 104 389 0 0 0 0 0 0 0 0 0 0
99 0 0 0 0 0 0 0 0 0 0 0 0 188 0 0 0 0
121 0 0 0 0 0 0 0 0 0 0 0 0 0 0 0 0 240
0 0 0 0 534 201 0 0 0 0 0 0 0 0 372 0 145 0
0 329 0 0 0 0 0 329 0 0 0 0 0 0 0 107 0 0
0 0 0 0 0 0 0 0 0 188 0 0 0 0 0 0 0 0
0 0 0 241 297 313 0 396 0 0 0 372 0 0 0 348 0 0
0 0 244 176 0 0 0 0 0 0 0 0 107 0 348 0 0 0
0 0 0 0 0 335 0 0 0 0 0 145 0 0 0 0 0 0
0 253 0 0 0 0 0 313 0 0 240 0 0 0 0 0 0 0
